Hill Climbing Algorithm

Initial State: 
2 0 2 3 0 1 2 0 0 2 
2 0 3 2 2 1 1 1 3 3 
2 0 0 1 3 2 1 1 2 3 
0 2 3 3 2 1 1 0 3 2 
1 0 1 1 0 1 2 1 3 2 
0 3 2 3 0 2 1 3 2 1 
3 1 0 1 0 0 1 1 2 0 
1 3 2 2 2 2 3 2 0 1 
3 2 0 0 2 1 1 1 0 1 
1 0 2 2 3 0 3 1 0 2 
Conflicts Number: 40

Solution: 
2 0 2 3 0 3 2 3 0 2 
1 2 3 0 2 1 0 2 3 0 
2 1 0 1 3 2 3 1 2 3 
0 2 3 0 2 0 1 0 1 0 
1 0 1 2 0 1 2 1 3 2 
0 3 2 3 1 2 1 3 0 1 
3 1 0 1 2 0 2 1 2 0 
1 3 1 2 1 2 3 2 0 2 
3 2 3 0 2 1 0 3 2 1 
1 0 1 2 3 0 3 1 0 2 

Initial State: 
2 0 2 3 0 1 2 0 0 2 
2 0 3 2 2 1 1 1 3 3 
2 0 0 1 3 2 1 1 2 3 
0 2 3 3 2 1 1 0 3 2 
1 0 1 1 0 1 2 1 3 2 
0 3 2 3 0 2 1 3 2 1 
3 1 0 1 0 0 1 1 2 0 
1 3 2 2 2 2 3 2 0 1 
3 2 0 0 2 1 1 1 0 1 
1 0 2 2 3 0 3 1 0 2 
Conflicts Number: 40

Solution: 
2 0 2 3 0 3 2 3 0 2 
1 2 3 0 2 1 0 2 3 0 
2 1 0 1 3 2 3 1 2 3 
0 2 3 0 2 0 1 0 1 0 
1 0 1 2 0 1 2 1 3 2 
0 3 2 3 1 2 1 3 0 1 
3 1 0 1 2 0 2 1 2 0 
1 3 1 2 1 2 3 2 0 2 
3 2 3 0 2 1 0 3 2 1 
1 0 1 2 3 0 3 1 0 2 

Initial State: 
2 0 2 3 0 1 2 0 0 2 
2 0 3 2 2 1 1 1 3 3 
2 0 0 1 3 2 1 1 2 3 
0 2 3 3 2 1 1 0 3 2 
1 0 1 1 0 1 2 1 3 2 
0 3 2 3 0 2 1 3 2 1 
3 1 0 1 0 0 1 1 2 0 
1 3 2 2 2 2 3 2 0 1 
3 2 0 0 2 1 1 1 0 1 
1 0 2 2 3 0 3 1 0 2 
Conflicts Number: 40

Solution: 
2 0 2 3 0 3 2 3 0 2 
1 2 3 0 2 1 0 2 3 0 
2 1 0 1 3 2 3 1 2 3 
0 2 3 0 2 0 1 0 1 0 
1 0 1 2 0 1 2 1 3 2 
0 3 2 3 1 2 1 3 0 1 
3 1 0 1 2 0 2 1 2 0 
1 3 1 2 1 2 3 2 0 2 
3 2 3 0 2 1 0 3 2 1 
1 0 1 2 3 0 3 1 0 2 

Initial State: 
2 0 2 3 0 1 2 0 0 2 
2 0 3 2 2 1 1 1 3 3 
2 0 0 1 3 2 1 1 2 3 
0 2 3 3 2 1 1 0 3 2 
1 0 1 1 0 1 2 1 3 2 
0 3 2 3 0 2 1 3 2 1 
3 1 0 1 0 0 1 1 2 0 
1 3 2 2 2 2 3 2 0 1 
3 2 0 0 2 1 1 1 0 1 
1 0 2 2 3 0 3 1 0 2 
Conflicts Number: 40

Solution: 
2 0 2 3 0 3 2 3 0 2 
1 2 3 0 2 1 0 2 3 0 
2 1 0 1 3 2 3 1 2 3 
0 2 3 0 2 0 1 0 1 0 
1 0 1 2 0 1 2 1 3 2 
0 3 2 3 1 2 1 3 0 1 
3 1 0 1 2 0 2 1 2 0 
1 3 1 2 1 2 3 2 0 2 
3 2 3 0 2 1 0 3 2 1 
1 0 1 2 3 0 3 1 0 2 

Initial State: 
2 0 2 3 0 1 2 0 0 2 
2 0 3 2 2 1 1 1 3 3 
2 0 0 1 3 2 1 1 2 3 
0 2 3 3 2 1 1 0 3 2 
1 0 1 1 0 1 2 1 3 2 
0 3 2 3 0 2 1 3 2 1 
3 1 0 1 0 0 1 1 2 0 
1 3 2 2 2 2 3 2 0 1 
3 2 0 0 2 1 1 1 0 1 
1 0 2 2 3 0 3 1 0 2 
Conflicts Number: 40

Solution: 
2 0 2 3 0 3 2 3 0 2 
1 2 3 0 2 1 0 2 3 0 
2 1 0 1 3 2 3 1 2 3 
0 2 3 0 2 0 1 0 1 0 
1 0 1 2 0 1 2 1 3 2 
0 3 2 3 1 2 1 3 0 1 
3 1 0 1 2 0 2 1 2 0 
1 3 1 2 1 2 3 2 0 2 
3 2 3 0 2 1 0 3 2 1 
1 0 1 2 3 0 3 1 0 2 

Initial State: 
2 0 2 3 0 1 2 0 0 2 
2 0 3 2 2 1 1 1 3 3 
2 0 0 1 3 2 1 1 2 3 
0 2 3 3 2 1 1 0 3 2 
1 0 1 1 0 1 2 1 3 2 
0 3 2 3 0 2 1 3 2 1 
3 1 0 1 0 0 1 1 2 0 
1 3 2 2 2 2 3 2 0 1 
3 2 0 0 2 1 1 1 0 1 
1 0 2 2 3 0 3 1 0 2 
Conflicts Number: 40

Solution: 
2 0 2 3 0 3 2 3 0 2 
1 2 3 0 2 1 0 2 3 0 
2 1 0 1 3 2 3 1 2 3 
0 2 3 0 2 0 1 0 1 0 
1 0 1 2 0 1 2 1 3 2 
0 3 2 3 1 2 1 3 0 1 
3 1 0 1 2 0 2 1 2 0 
1 3 1 2 1 2 3 2 0 2 
3 2 3 0 2 1 0 3 2 1 
1 0 1 2 3 0 3 1 0 2 

Initial State: 
2 0 2 3 0 1 2 0 0 2 
2 0 3 2 2 1 1 1 3 3 
2 0 0 1 3 2 1 1 2 3 
0 2 3 3 2 1 1 0 3 2 
1 0 1 1 0 1 2 1 3 2 
0 3 2 3 0 2 1 3 2 1 
3 1 0 1 0 0 1 1 2 0 
1 3 2 2 2 2 3 2 0 1 
3 2 0 0 2 1 1 1 0 1 
1 0 2 2 3 0 3 1 0 2 
Conflicts Number: 40

Solution: 
2 0 2 3 0 3 2 3 0 2 
1 2 3 0 2 1 0 2 3 0 
2 1 0 1 3 2 3 1 2 3 
0 2 3 0 2 0 1 0 1 0 
1 0 1 2 0 1 2 1 3 2 
0 3 2 3 1 2 1 3 0 1 
3 1 0 1 2 0 2 1 2 0 
1 3 1 2 1 2 3 2 0 2 
3 2 3 0 2 1 0 3 2 1 
1 0 1 2 3 0 3 1 0 2 

Initial State: 
2 0 2 3 0 1 2 0 0 2 
2 0 3 2 2 1 1 1 3 3 
2 0 0 1 3 2 1 1 2 3 
0 2 3 3 2 1 1 0 3 2 
1 0 1 1 0 1 2 1 3 2 
0 3 2 3 0 2 1 3 2 1 
3 1 0 1 0 0 1 1 2 0 
1 3 2 2 2 2 3 2 0 1 
3 2 0 0 2 1 1 1 0 1 
1 0 2 2 3 0 3 1 0 2 
Conflicts Number: 40

Solution: 
2 0 2 3 0 3 2 3 0 2 
1 2 3 0 2 1 0 2 3 0 
2 1 0 1 3 2 3 1 2 3 
0 2 3 0 2 0 1 0 1 0 
1 0 1 2 0 1 2 1 3 2 
0 3 2 3 1 2 1 3 0 1 
3 1 0 1 2 0 2 1 2 0 
1 3 1 2 1 2 3 2 0 2 
3 2 3 0 2 1 0 3 2 1 
1 0 1 2 3 0 3 1 0 2 

Initial State: 
2 0 2 3 0 1 2 0 0 2 
2 0 3 2 2 1 1 1 3 3 
2 0 0 1 3 2 1 1 2 3 
0 2 3 3 2 1 1 0 3 2 
1 0 1 1 0 1 2 1 3 2 
0 3 2 3 0 2 1 3 2 1 
3 1 0 1 0 0 1 1 2 0 
1 3 2 2 2 2 3 2 0 1 
3 2 0 0 2 1 1 1 0 1 
1 0 2 2 3 0 3 1 0 2 
Conflicts Number: 40

Solution: 
2 0 2 3 0 3 2 3 0 2 
1 2 3 0 2 1 0 2 3 0 
2 1 0 1 3 2 3 1 2 3 
0 2 3 0 2 0 1 0 1 0 
1 0 1 2 0 1 2 1 3 2 
0 3 2 3 1 2 1 3 0 1 
3 1 0 1 2 0 2 1 2 0 
1 3 1 2 1 2 3 2 0 2 
3 2 3 0 2 1 0 3 2 1 
1 0 1 2 3 0 3 1 0 2 

Initial State: 
2 0 2 3 0 1 2 0 0 2 
2 0 3 2 2 1 1 1 3 3 
2 0 0 1 3 2 1 1 2 3 
0 2 3 3 2 1 1 0 3 2 
1 0 1 1 0 1 2 1 3 2 
0 3 2 3 0 2 1 3 2 1 
3 1 0 1 0 0 1 1 2 0 
1 3 2 2 2 2 3 2 0 1 
3 2 0 0 2 1 1 1 0 1 
1 0 2 2 3 0 3 1 0 2 
Conflicts Number: 40

Solution: 
2 0 2 3 0 3 2 3 0 2 
1 2 3 0 2 1 0 2 3 0 
2 1 0 1 3 2 3 1 2 3 
0 2 3 0 2 0 1 0 1 0 
1 0 1 2 0 1 2 1 3 2 
0 3 2 3 1 2 1 3 0 1 
3 1 0 1 2 0 2 1 2 0 
1 3 1 2 1 2 3 2 0 2 
3 2 3 0 2 1 0 3 2 1 
1 0 1 2 3 0 3 1 0 2 

Genetic Algorithm
 with Population size= 100, Generations = 1000Hill Climbing Algorithm

Initial State: 
1 1 2 0 3 0 1 1 3 2 
3 2 2 0 3 0 2 3 1 1 
0 0 0 1 3 0 1 1 3 1 
0 0 2 1 0 0 0 2 1 1 
1 3 3 0 3 2 0 3 0 2 
2 3 2 3 0 1 2 0 3 1 
2 1 3 0 2 1 2 1 0 1 
3 2 3 1 0 0 1 2 3 1 
1 1 1 0 0 3 2 2 1 2 
0 3 2 3 3 2 1 0 2 2 
Conflicts Number: 42

Solution: 
0 1 2 1 3 0 3 1 3 2 
3 2 1 0 1 3 2 3 1 0 
0 1 0 2 3 0 3 1 3 1 
2 0 2 1 0 1 0 2 1 0 
1 2 3 0 3 2 1 3 0 2 
0 3 2 3 0 3 2 0 3 1 
2 1 3 0 2 1 0 1 0 2 
3 2 0 1 3 0 1 2 3 1 
1 0 1 2 0 3 2 3 1 2 
0 3 2 0 3 2 1 0 2 0 

Initial State: 
1 1 2 0 3 0 1 1 3 2 
3 2 2 0 3 0 2 3 1 1 
0 0 0 1 3 0 1 1 3 1 
0 0 2 1 0 0 0 2 1 1 
1 3 3 0 3 2 0 3 0 2 
2 3 2 3 0 1 2 0 3 1 
2 1 3 0 2 1 2 1 0 1 
3 2 3 1 0 0 1 2 3 1 
1 1 1 0 0 3 2 2 1 2 
0 3 2 3 3 2 1 0 2 2 
Conflicts Number: 42

Solution: 
0 1 2 1 3 0 3 1 3 2 
3 2 1 0 1 3 2 3 1 0 
0 1 0 2 3 0 3 1 3 1 
2 0 2 1 0 1 0 2 1 0 
1 2 3 0 3 2 1 3 0 2 
0 3 2 3 0 3 2 0 3 1 
2 1 3 0 2 1 0 1 0 2 
3 2 0 1 3 0 1 2 3 1 
1 0 1 2 0 3 2 3 1 2 
0 3 2 0 3 2 1 0 2 0 

Initial State: 
1 1 2 0 3 0 1 1 3 2 
3 2 2 0 3 0 2 3 1 1 
0 0 0 1 3 0 1 1 3 1 
0 0 2 1 0 0 0 2 1 1 
1 3 3 0 3 2 0 3 0 2 
2 3 2 3 0 1 2 0 3 1 
2 1 3 0 2 1 2 1 0 1 
3 2 3 1 0 0 1 2 3 1 
1 1 1 0 0 3 2 2 1 2 
0 3 2 3 3 2 1 0 2 2 
Conflicts Number: 42

Solution: 
0 1 2 1 3 0 3 1 3 2 
3 2 1 0 1 3 2 3 1 0 
0 1 0 2 3 0 3 1 3 1 
2 0 2 1 0 1 0 2 1 0 
1 2 3 0 3 2 1 3 0 2 
0 3 2 3 0 3 2 0 3 1 
2 1 3 0 2 1 0 1 0 2 
3 2 0 1 3 0 1 2 3 1 
1 0 1 2 0 3 2 3 1 2 
0 3 2 0 3 2 1 0 2 0 

Initial State: 
1 1 2 0 3 0 1 1 3 2 
3 2 2 0 3 0 2 3 1 1 
0 0 0 1 3 0 1 1 3 1 
0 0 2 1 0 0 0 2 1 1 
1 3 3 0 3 2 0 3 0 2 
2 3 2 3 0 1 2 0 3 1 
2 1 3 0 2 1 2 1 0 1 
3 2 3 1 0 0 1 2 3 1 
1 1 1 0 0 3 2 2 1 2 
0 3 2 3 3 2 1 0 2 2 
Conflicts Number: 42

Solution: 
0 1 2 1 3 0 3 1 3 2 
3 2 1 0 1 3 2 3 1 0 
0 1 0 2 3 0 3 1 3 1 
2 0 2 1 0 1 0 2 1 0 
1 2 3 0 3 2 1 3 0 2 
0 3 2 3 0 3 2 0 3 1 
2 1 3 0 2 1 0 1 0 2 
3 2 0 1 3 0 1 2 3 1 
1 0 1 2 0 3 2 3 1 2 
0 3 2 0 3 2 1 0 2 0 

Initial State: 
1 1 2 0 3 0 1 1 3 2 
3 2 2 0 3 0 2 3 1 1 
0 0 0 1 3 0 1 1 3 1 
0 0 2 1 0 0 0 2 1 1 
1 3 3 0 3 2 0 3 0 2 
2 3 2 3 0 1 2 0 3 1 
2 1 3 0 2 1 2 1 0 1 
3 2 3 1 0 0 1 2 3 1 
1 1 1 0 0 3 2 2 1 2 
0 3 2 3 3 2 1 0 2 2 
Conflicts Number: 42

Solution: 
0 1 2 1 3 0 3 1 3 2 
3 2 1 0 1 3 2 3 1 0 
0 1 0 2 3 0 3 1 3 1 
2 0 2 1 0 1 0 2 1 0 
1 2 3 0 3 2 1 3 0 2 
0 3 2 3 0 3 2 0 3 1 
2 1 3 0 2 1 0 1 0 2 
3 2 0 1 3 0 1 2 3 1 
1 0 1 2 0 3 2 3 1 2 
0 3 2 0 3 2 1 0 2 0 

Initial State: 
1 1 2 0 3 0 1 1 3 2 
3 2 2 0 3 0 2 3 1 1 
0 0 0 1 3 0 1 1 3 1 
0 0 2 1 0 0 0 2 1 1 
1 3 3 0 3 2 0 3 0 2 
2 3 2 3 0 1 2 0 3 1 
2 1 3 0 2 1 2 1 0 1 
3 2 3 1 0 0 1 2 3 1 
1 1 1 0 0 3 2 2 1 2 
0 3 2 3 3 2 1 0 2 2 
Conflicts Number: 42

Solution: 
0 1 2 1 3 0 3 1 3 2 
3 2 1 0 1 3 2 3 1 0 
0 1 0 2 3 0 3 1 3 1 
2 0 2 1 0 1 0 2 1 0 
1 2 3 0 3 2 1 3 0 2 
0 3 2 3 0 3 2 0 3 1 
2 1 3 0 2 1 0 1 0 2 
3 2 0 1 3 0 1 2 3 1 
1 0 1 2 0 3 2 3 1 2 
0 3 2 0 3 2 1 0 2 0 

Initial State: 
1 1 2 0 3 0 1 1 3 2 
3 2 2 0 3 0 2 3 1 1 
0 0 0 1 3 0 1 1 3 1 
0 0 2 1 0 0 0 2 1 1 
1 3 3 0 3 2 0 3 0 2 
2 3 2 3 0 1 2 0 3 1 
2 1 3 0 2 1 2 1 0 1 
3 2 3 1 0 0 1 2 3 1 
1 1 1 0 0 3 2 2 1 2 
0 3 2 3 3 2 1 0 2 2 
Conflicts Number: 42

Solution: 
0 1 2 1 3 0 3 1 3 2 
3 2 1 0 1 3 2 3 1 0 
0 1 0 2 3 0 3 1 3 1 
2 0 2 1 0 1 0 2 1 0 
1 2 3 0 3 2 1 3 0 2 
0 3 2 3 0 3 2 0 3 1 
2 1 3 0 2 1 0 1 0 2 
3 2 0 1 3 0 1 2 3 1 
1 0 1 2 0 3 2 3 1 2 
0 3 2 0 3 2 1 0 2 0 

Initial State: 
1 1 2 0 3 0 1 1 3 2 
3 2 2 0 3 0 2 3 1 1 
0 0 0 1 3 0 1 1 3 1 
0 0 2 1 0 0 0 2 1 1 
1 3 3 0 3 2 0 3 0 2 
2 3 2 3 0 1 2 0 3 1 
2 1 3 0 2 1 2 1 0 1 
3 2 3 1 0 0 1 2 3 1 
1 1 1 0 0 3 2 2 1 2 
0 3 2 3 3 2 1 0 2 2 
Conflicts Number: 42

Solution: 
0 1 2 1 3 0 3 1 3 2 
3 2 1 0 1 3 2 3 1 0 
0 1 0 2 3 0 3 1 3 1 
2 0 2 1 0 1 0 2 1 0 
1 2 3 0 3 2 1 3 0 2 
0 3 2 3 0 3 2 0 3 1 
2 1 3 0 2 1 0 1 0 2 
3 2 0 1 3 0 1 2 3 1 
1 0 1 2 0 3 2 3 1 2 
0 3 2 0 3 2 1 0 2 0 

Initial State: 
1 1 2 0 3 0 1 1 3 2 
3 2 2 0 3 0 2 3 1 1 
0 0 0 1 3 0 1 1 3 1 
0 0 2 1 0 0 0 2 1 1 
1 3 3 0 3 2 0 3 0 2 
2 3 2 3 0 1 2 0 3 1 
2 1 3 0 2 1 2 1 0 1 
3 2 3 1 0 0 1 2 3 1 
1 1 1 0 0 3 2 2 1 2 
0 3 2 3 3 2 1 0 2 2 
Conflicts Number: 42

Solution: 
0 1 2 1 3 0 3 1 3 2 
3 2 1 0 1 3 2 3 1 0 
0 1 0 2 3 0 3 1 3 1 
2 0 2 1 0 1 0 2 1 0 
1 2 3 0 3 2 1 3 0 2 
0 3 2 3 0 3 2 0 3 1 
2 1 3 0 2 1 0 1 0 2 
3 2 0 1 3 0 1 2 3 1 
1 0 1 2 0 3 2 3 1 2 
0 3 2 0 3 2 1 0 2 0 

Initial State: 
1 1 2 0 3 0 1 1 3 2 
3 2 2 0 3 0 2 3 1 1 
0 0 0 1 3 0 1 1 3 1 
0 0 2 1 0 0 0 2 1 1 
1 3 3 0 3 2 0 3 0 2 
2 3 2 3 0 1 2 0 3 1 
2 1 3 0 2 1 2 1 0 1 
3 2 3 1 0 0 1 2 3 1 
1 1 1 0 0 3 2 2 1 2 
0 3 2 3 3 2 1 0 2 2 
Conflicts Number: 42

Solution: 
0 1 2 1 3 0 3 1 3 2 
3 2 1 0 1 3 2 3 1 0 
0 1 0 2 3 0 3 1 3 1 
2 0 2 1 0 1 0 2 1 0 
1 2 3 0 3 2 1 3 0 2 
0 3 2 3 0 3 2 0 3 1 
2 1 3 0 2 1 0 1 0 2 
3 2 0 1 3 0 1 2 3 1 
1 0 1 2 0 3 2 3 1 2 
0 3 2 0 3 2 1 0 2 0 

Genetic Algorithm
 with Population size= 100, Generations = 1000Genetic Algorithm Solution (Optimal):
0 1 3 3 2 3 1 1 3 2 
3 2 0 3 3 2 0 1 0 2 
0 1 3 0 2 3 2 1 0 2 
1 1 1 0 2 0 0 3 0 0 
3 0 3 3 3 2 2 3 3 1 
1 3 1 3 1 3 0 2 1 3 
3 0 1 3 2 3 2 3 3 1 
0 3 2 3 2 0 0 0 1 1 
1 0 2 2 0 2 1 2 1 3 
2 1 1 0 1 3 3 2 2 0 
Genetic Algorithm Solution (Optimal):
0 1 3 3 2 3 1 1 3 2 
3 2 0 3 3 2 0 1 0 2 
0 1 3 0 2 3 2 1 0 2 
1 1 1 0 2 0 0 3 0 0 
3 0 3 3 3 2 2 3 3 1 
1 3 1 3 1 3 0 2 1 3 
3 0 1 3 2 3 2 3 3 1 
0 3 2 3 2 0 0 0 1 1 
1 0 2 2 0 2 1 2 1 3 
2 1 1 0 1 3 3 2 2 0 
Genetic Algorithm Solution (Optimal):
0 1 3 3 2 3 1 1 3 2 
3 2 0 3 3 2 0 1 0 2 
0 1 3 0 2 3 2 1 0 2 
1 1 1 0 2 0 0 3 0 0 
3 0 3 3 3 2 2 3 3 1 
1 3 1 3 1 3 0 2 1 3 
3 0 1 3 2 3 2 3 3 1 
0 3 2 3 2 0 0 0 1 1 
1 0 2 2 0 2 1 2 1 3 
2 1 1 0 1 3 3 2 2 0 
Genetic Algorithm Solution (Optimal):
0 1 3 3 2 3 1 1 3 2 
3 2 0 3 3 2 0 1 0 2 
0 1 3 0 2 3 2 1 0 2 
1 1 1 0 2 0 0 3 0 0 
3 0 3 3 3 2 2 3 3 1 
1 3 1 3 1 3 0 2 1 3 
3 0 1 3 2 3 2 3 3 1 
0 3 2 3 2 0 0 0 1 1 
1 0 2 2 0 2 1 2 1 3 
2 1 1 0 1 3 3 2 2 0 
Genetic Algorithm Solution (Optimal):
0 1 3 3 2 3 1 1 3 2 
3 2 0 3 3 2 0 1 0 2 
0 1 3 0 2 3 2 1 0 2 
1 1 1 0 2 0 0 3 0 0 
3 0 3 3 3 2 2 3 3 1 
1 3 1 3 1 3 0 2 1 3 
3 0 1 3 2 3 2 3 3 1 
0 3 2 3 2 0 0 0 1 1 
1 0 2 2 0 2 1 2 1 3 
2 1 1 0 1 3 3 2 2 0 
Genetic Algorithm Solution (Optimal):
0 1 3 3 2 3 1 1 3 2 
3 2 0 3 3 2 0 1 0 2 
0 1 3 0 2 3 2 1 0 2 
1 1 1 0 2 0 0 3 0 0 
3 0 3 3 3 2 2 3 3 1 
1 3 1 3 1 3 0 2 1 3 
3 0 1 3 2 3 2 3 3 1 
0 3 2 3 2 0 0 0 1 1 
1 0 2 2 0 2 1 2 1 3 
2 1 1 0 1 3 3 2 2 0 
Genetic Algorithm Solution (Optimal):
0 1 3 3 2 3 1 1 3 2 
3 2 0 3 3 2 0 1 0 2 
0 1 3 0 2 3 2 1 0 2 
1 1 1 0 2 0 0 3 0 0 
3 0 3 3 3 2 2 3 3 1 
1 3 1 3 1 3 0 2 1 3 
3 0 1 3 2 3 2 3 3 1 
0 3 2 3 2 0 0 0 1 1 
1 0 2 2 0 2 1 2 1 3 
2 1 1 0 1 3 3 2 2 0 
Genetic Algorithm Solution (Optimal):
0 1 3 3 2 3 1 1 3 2 
3 2 0 3 3 2 0 1 0 2 
0 1 3 0 2 3 2 1 0 2 
1 1 1 0 2 0 0 3 0 0 
3 0 3 3 3 2 2 3 3 1 
1 3 1 3 1 3 0 2 1 3 
3 0 1 3 2 3 2 3 3 1 
0 3 2 3 2 0 0 0 1 1 
1 0 2 2 0 2 1 2 1 3 
2 1 1 0 1 3 3 2 2 0 
Genetic Algorithm Solution (Optimal):
0 1 3 3 2 3 1 1 3 2 
3 2 0 3 3 2 0 1 0 2 
0 1 3 0 2 3 2 1 0 2 
1 1 1 0 2 0 0 3 0 0 
3 0 3 3 3 2 2 3 3 1 
1 3 1 3 1 3 0 2 1 3 
3 0 1 3 2 3 2 3 3 1 
0 3 2 3 2 0 0 0 1 1 
1 0 2 2 0 2 1 2 1 3 
2 1 1 0 1 3 3 2 2 0 
Genetic Algorithm Solution (Optimal):
0 1 3 3 2 3 1 1 3 2 
3 2 0 3 3 2 0 1 0 2 
0 1 3 0 2 3 2 1 0 2 
1 1 1 0 2 0 0 3 0 0 
3 0 3 3 3 2 2 3 3 1 
1 3 1 3 1 3 0 2 1 3 
3 0 1 3 2 3 2 3 3 1 
0 3 2 3 2 0 0 0 1 1 
1 0 2 2 0 2 1 2 1 3 
2 1 1 0 1 3 3 2 2 0 
